每幅图像的定标误差：
	第1幅图像的平均误差：5.45362像素
	第2幅图像的平均误差：10.9909像素
	第3幅图像的平均误差：10.4963像素
	第4幅图像的平均误差：4.08399像素
总体平均误差：7.75621像素

相机内参数矩阵：
{2710.7,0,1039.42}
{0,2533.91,1622.96}
{0,0,1}

畸变系数：
{-0.0554715,0.332987,-0.0118033,-0.0185525}

第1幅图像的旋转向量：
{{2.13659,2.12732,0.0648373}}
第1幅图像的旋转矩阵：
{0.00782607,0.992877,0.118883}
{0.998275,-0.000838508,-0.0587135}
{-0.0581956,0.119137,-0.991171}
第1幅图像的平移向量：
{{-34.1331,-108.866,242.761}}

第2幅图像的旋转向量：
{{-2.18893,-2.07004,-0.482847}}
第2幅图像的旋转矩阵：
{0.0313278,0.98574,0.165332}
{0.95716,-0.0772261,0.27907}
{0.287858,0.149507,-0.945931}
第2幅图像的平移向量：
{{-37.0899,-58.7041,265.875}}

第3幅图像的旋转向量：
{{1.90504,2.14957,-0.444223}}
第3幅图像的旋转矩阵：
{-0.125033,0.991831,-0.0252634}
{0.920599,0.106483,-0.375712}
{-0.369952,-0.0702336,-0.926392}
第3幅图像的平移向量：
{{-4.11968,-141.898,393.317}}

第4幅图像的旋转向量：
{{-2.0574,-2.0722,-0.268109}}
第4幅图像的旋转矩阵：
{-0.00439696,0.999793,-0.0198772}
{0.961812,0.00966826,0.273541}
{0.273676,-0.0179153,-0.961655}
第4幅图像的平移向量：
{{-39.0603,-78.0787,275.313}}

